      10            4  0 1  2     3   3 1                     0 1   20     5   3
     1 1        4      00 1    3   3   1                      12  2  00     4   
    2 1     4          100  2   3   1 1                      1  2    10 1       
  2  1  4             1 100  1     1 1 3                    2 0     2 1         
3   2                1 1 00 1     1 1                     3   1   2  1          
  2                 1 1  000     1 1     2             4     1  2   2        3  
3                  2 1   100    2 1    2           5        1 0   2       4     
                 2  1   1 00  2  2   3        4            2  1 1     4      3  
               2   2   2  000  2  1       4              3   1 1  2       4     
             2   3   2    0000   1    4               4     1 1 1     4         
           3  1    2      0000  1 1               4        1 1 1  1      2      
        3    2   3        1000 1 1            5           1 1 1  1     3        
     3     2  1          2 1000 1        5               2 1 1  1   3           
  4      3   2         3  2 1000    4                  2  2 1  1 2              
      3    2        3   3  2 1000                    2  2  1  2    4          4 
   4     2       4   3   2  1 000                  2  2   2 1  2          4     
       3     4    4    3   2  100                2  2   3  2 1        5        5
    4    4    4     3    2   2 000             2  2  2   3  1    3        5     
4    4    4      4     2   2   000           3  2  2  1    2  1      5          
 4    4      5       3   3     000        4   3  2   1   3   1  2           5   
  4     4         3   3        000    4    4   3    2 1     2 0   1    4     4  
    4          4   3           1003    4    4     3       3   1  1       5    4 
4          5    4             2 10 3    4      4       4     1  1   3     4     
      4     4    4          3  1 1  1      5       4        1  1 0    4     5   
  4     5    4           4    2 1  2  1        5           1  2  10    3        
   5     5           4      2  2 1   2    3               1 0   2 1 0         5 
    5            4        2  2  1  2   3                 1  1 1  1  1    4      
             5          2  2   2 1  2                   2  2 1  2  2 1         5
        4             2  2   3  2 1                   3  2  2 1  2  2     5     
    5               2  2  1   3  1          3      3   2  2  1 1  2  2          
                  3  2   2 1    2  2     4      4    3  2   2 1 0  2           4
               4   2   2  2   3  2   2      4     3   3   3  2  10    3    4    
           4     2   3  2  2   3   2    4      4   3   3   3   2 1 1   2        
       4       3  4   3  2  3    3  1      5    3   3   3    2  1 1  2          
   4        3      3   2      3    1  2      4   3   3     3   1 1 1    1       
         3      3    2     4      1 1    4    3   3     4     2 1 1    1       5
      3      3     3   3         1 1 1     3   3    4       2  1 1    2   2     
   3      3     3   3           2 1 1   3   3   4         2   1 1   2   3       
4      4     4   3            2  2 1 0   3              2    1 1  2  2     3    
   5     4    4             3  2  2  00               2     2 1 1  2    4   3   
     4    4              3   2  2    10             2     2  2 1 1  1    3    4 
 5    4               4    3  2     1 0           3     3  2  1 1  2  2   2     
  4               5     4   3      1  1        4     3   3   2 1 0  2   3   2   
             4      4    3        1  2     5      4   3    3  1  11  1    2   2 
         4      5     4          1 0  1       5    4    4    2  1   2   3   3   
     5     4      5             2  0 1   3     4    4      3   2  2  1   3      
5      4     4                3    10 1    4    4       3    3  2   2 1         
   5     4                 3      1 00 2    4        3    4   3   3  1     5    
     4                  4    2   1  10  2         4   3    3   3    1 0       4 
 5                  4      2    2  2 00       5    4    3   3      1  0   3     
                5        3    3  2   00  1     4     3   3        2   10    3   
           4          4    3   3     00 1  3      4   3         2    1 0 0      
       5          4     3   3        000      5    3      3   3     2  1 0    1 
  4           4      3   3           000 0      3      3   3    1 0   2  1   1  
          4       3   3              100 1   3      3   3      1  1 0   1   2 0 
      4        3   3    1           1 000 1      3   3        1  2  0  1  2   1 
  4         4   3      1           2  1000    4   3          1 0    0 1 0    1  
        4    3        2          3   2 1001    3       3    1  1    00  1   1 1 
    4     3         3         4    3  2 00  1       3      1  1     00 1   2 1  
3      3         4        4     4   3   10 1     4        2  2      000  2  2   
    4        5        4     4    3     1 10  1          3  2        1000  2  2  
4       5         5     4     4       1 1 1 1        3   2         1 0000  2    
   5         4      4     5          1 1 1 1 0    4    3          1  10000  2   
         4      5    4              2 1 1 1  10     4            1  1 00000   2 
     4     4                      2  2 1 1  1 0 3               1  2  00000 1   
 5     5                        3  2  1 1  1  1                2 1    000000    
  4                          4   2   2 1  2  1               3  2     1000000   
                         5     2   2  1 0   2             3   2      1 100000 1 
                    5        3   2   1  0 1            4    2       2 1 100000  
2              5          4    3    1   10         5      3       3  2 1 00000  
          4           5     4      1   1 0    4        3       3   3  1  100000 
      4          4      4         2   2  00         3       3   3    2  1 00000 
  2          4      4           3   2    10      3       3   3     2   1  00000 
0        4      4            4    2     1 1   3       4   3      3    2   00000 
1    4      5            4      3      2 1 0      5    4      4     2     10000 
 1     5             4       3       2  1  1 1     5      5       2      1 10000
0 1              4        3        3   1  1 1 1      5          3       1 1 0000
00           4         3        3     1  1 1 1  2            3         2 1  0000
00       5          3        3       2  2 1 1 0           4          2  2   1000
00  2            3        4        3  2  2 1  1       5            3  2    2 100

car 1-12's velocity:56.7
car 1-2's velocity:50.9625
car 1-0's velocity:55.0125
car 2-3's velocity:48.9375
car 2-6's velocity:44.8875
car 1-4's velocity:54
car 2-14's velocity:50.9625
car 2-7's velocity:50.9625
car 1-7's velocity:52.65
car 2-9's velocity:51.3
car 1-8's velocity:53.325
car 2-8's velocity:54.675
car 1-13's velocity:48.6
car 2-12's velocity:51.6375
car 2-13's velocity:54
car 1-14's velocity:60.4125
car 1-11's velocity:61.7625
average speed:52.9875
 10     5 1   1   3        40             10       10              5   3      1 
1 10     1   1 0       4    1            1 1      2 0         4     3        1  
 1 1    2   1  0   2       2            2 1     3   1     5      3     3    2  2
2 1   2    2   0 0       3            3  2   3     2 0        4     3     3  2  
 1  2    3     1 1    3            3   3  3      2   1    4      4     3   3  2 
2 1   3       1 1  2            3   3          2    1 0      5      4   3   2   
 2 3         2 1 0           4   3           2     2  0 0       5    3    2   2 
           2  1  0       5    4    4       3     2    1 1  3      4     2   3  2
         2   1   1  1     5    4        3      3     2 1      4     1 1  1   2  
       3    2   1  2 0     5         3      3      3  1   2        2 1  2  2    
    4     2    1 0   12           3      4      3    2  2        2  2 1  2      
5       3     2  0  2          3     5       3     3  2        3  2  2 0        
     4      2    00         4   3         3     4   3       3   3  2   0   5    
 4        3      00     5    4         4    4    3       3   3   3     1        
       4     2   001     4         5    4     3       3   3   3       2      5  
   5       3     00  2        4     5      4       4   3   3        2   2       
        4        000      5    4       4       4    3   3         2   3       5 
    5         2  000 1     5       4       5     4   3          2  2     5      
            2    1000 1        5      4      5    3           3  2  2          5
          2     1 1000  1 3       5     5      4           4   2  2       5     
        3      2 1 000 1     5     4       5           4     2  2    4          
     4       2  2  1000 1      4      5            4       3  2                 
 5         3  2   2 1000   3     5             5        4   3   2        2      
        3   2   3  1 0000   2             5         5    4    2        3    3   
     4    3  1    1  1000 0          4         4     4      3       3    4      
 4     4    2    1  2 100 0      4         4     5       3       3   3          
   4      2     2 0  2 10 0  1         5    4         3       3   3       3  2  
        2     2   10  1 1 0 1     5     4          4       4   3       3   3   3
      3     3    2 1 1 1  00 1      4          5       4    3       3   3   3   
   3     4     3  1 1 1   101   3         5        4     4       3   3   3      
3    4      4    1 1 1   1 1         4         5     5        4   3   3         
 3      4       2 1 1   2 1      5        5     5         4    3   3         3  
    5         3  1 1  2  2  1        4     5          5     3   3         4   3 
           3    2 1 1  2   2     5    3          4       4   3        5    4   3
        4     2  1 1 0   2  1      4         4       4    4      4     5    4   
    4       2   1 1  0 0   2   2         5       5    4      4    3     4       
1         2    1 1   0 0 0   3      4       4     5      4     3    4      1 1  
        2     2 1    0 0 00     5       5    3       5      3   4         2 1  1
      3     2  2     0 1 100       5      3     5        3              3  2  1 
   3      3  2       10 1 10  2        4   2          4              4   3   1  
3      4   3        1 10 1 10      4     2        5              5    4     1   
   5    4          2 1 00 1 0  2       3     4              5     4        1 0  
    4            3  1  000  00      4    4             5      5           1  10 
1             3    2   100  10  1    4            5      4               1  1 0 
           4     3    1 00 1 1 1 1           5       5                  1  1  00
       4      3      2  001 1 1 1       4       4                      1  1   00
   3       4    2  2  2 10 1 1 1    4       4                         1  1    10
0      5      3  2  2  1 00 1 1 1       5                            2  1    1 1
0 0        4   3  2   1  100 1 1   3                               2   1    1 1 
1 0    4    3   2    1  2 100 1 1     5                          3    1    2 1  
  12     3    3     1 0  1 000 1 0                            4      2   3  2  1
 1    3    3       2  1 1  0000  1                        5        2  1   2   2 
2  2    3        3   2 1   1000 1                    4           3   1  2   3   
 2   3        4    3  1   2 1001                 4            3     2 0  1    3 
  1       5     3    1  2  1 10              5             4      2   1 1  2   2
 1   2       3      2 1   1 1 1         5              5        3    2 1 0   2  
1  2      4       2  1   1 1 1     4              5          3     3  1  0 0    
 1    4         2   1   2 1 1  2             4            3     4    1   1 1   2
1 0           3    1  2  2 1 0           5             3    4       1   1 1  2  
  0        3      1 0  2  2  10     5               3   2          1   1 1 1   1
  0     4        2  10  2   2 00                 3    3    4      2   2 1     1 
  0 1          3   1 00   2   00        5     4    3   4        3   2  2     1  
  01        4     2  10 1     10   2      4     3            4    3  2      2   
  1     5       3   2 10     2 1 0    4      4           5     3   2      2     
 1 0         4    3  1 1   3  1  10      5          5       4    2      2       
1  0     4     3    2 1 1    2  1 0 1          5        5      3      3         
   1 0      3     3  1 1   2   2  10      5        5        3      4           1
  2  0   3     3    1 1  2   2   2 1 1        4          3     5              2 
3    10     3      2 1 0   2   3  2 1     4           4   3                 3   
    2 1  1       2  1  0 0  2   2  1  2           5    4                 3   3  
  3  2  2      2   2   1 00   3   2 0        5     5                  3   3     
   3  2      2   3  1 1  000    2   0   3     4                    3   3       4
4   3      2  2    1 1   000  2     10    4                     4   3      4    
 4       3  2     2 1    0000      2 10                     4    4     5    4   
      4   3     2  2     0000    2  2 0                 5    4    3     5    4  
  5    4   2  2  2       1000  2  2   0            4     5     3   2     4      
   4     3  2  2        2 0000  2     1        4    3       3    3   3       4  
      3   2  2        3   00000      1     5     4       4    4   3      5     5
   3    3  2       3      00000     1 0      4       5    4    3    4     5     
4    4   2      3         10000    1  0  2      4     5     3   2    4          

car 2-4's velocity:49.95
car 2-13's velocity:60.075
car 1-0's velocity:59.4
car 2-2's velocity:58.725
car 1-13's velocity:64.8
car 1-1's velocity:63.1125
car 1-2's velocity:63.45
car 1-3's velocity:58.725
car 2-14's velocity:59.0625
car 2-8's velocity:50.625
car 2-6's velocity:57.375
car 1-14's velocity:47.925
car 1-11's velocity:47.5875
car 1-12's velocity:46.2375
car 1-9's velocity:55.6875
car 2-12's velocity:54.3375
car 1-8's velocity:62.775
average speed:56.4618
                                                                                
                                                                                
                                                                                
                                                                                
                                                                                
                                                                                
                                                                                
                                                                                
                                                                                
                                                                                
                                                                                
                                                                                
                                                                                
                                                                                
                                                                                
                                                                                
                                                                                
                                                                                
                                                                                
                                                                                
                                                                                
                                                                                
                                                                                
                                                                                
                                                                                
                                                                                
                                                                                
                                                                                
                                                                                
                                                                                
                                                                                
                                                                                
                                                                                
                                                                                
                                                                                
                                                                                
                                                                                
                                                                                
                                                                                
                                                                                
                                                                                
                                                                                
                                                                                
                                                                                
                                                                                
                                                                                
                                                                                
                                                                                
                                                                                
                                                                                
                                                                                
                                                                                
                                                                                
                                                                                
                                                                                
                                                                                
                                                                                
                                                                                
                                                                                
                                                                                
                                                                                
                                                                                
                                                                                
                                                                                
                                                                                
                                                                                
                                                                                
                                                                                
                                                                                
                                                                                
                                                                                
                                                                                
                                                                                
                                                                                
                                                                                
                                                                                
                                                                                
                                                                                
                                                                                
                                                                                

average speed:-1.#IND
                                                                                
                                                                                
                                                                                
                                                                                
                                                                                
                                                                                
                                                                                
                                                                                
                                                                                
                                                                                
                                                                                
                                                                                
                                                                                
                                                                                
                                                                                
                                                                                
                                                                                
                                                                                
                                                                                
                                                                                
                                                                                
                                                                                
                                                                                
                                                                                
                                                                                
                                                                                
                                                                                
                                                                                
                                                                                
                                                                                
                                                                                
                                                                                
                                                                                
                                                                                
                                                                                
                                                                                
                                                                                
                                                                                
                                                                                
                                                                                
                                                                                
                                                                                
                                                                                
                                                                                
                                                                                
                                                                                
                                                                                
                                                                                
                                                                                
                                                                                
                                                                                
                                                                                
                                                                                
                                                                                
                                                                                
                                                                                
                                                                                
                                                                                
                                                                                
                                                                                
                                                                                
                                                                                
                                                                                
                                                                                
                                                                                
                                                                                
                                                                                
                                                                                
                                                                                
                                                                                
                                                                                
                                                                                
                                                                                
                                                                                
                                                                                
                                                                                
                                                                                
                                                                                
                                                                                
                                                                                

average speed:-1.#IND
       4       10  2   30  20 1 0          0                          50  0    1
   4          1 13  1   00  00  1          0                     4     0  0   2 
             2 1   1    00  10 1           0       4         5         1  0 0  2
           3  1   2     00 1 01            0   2        4             2   1 13  
        4    2  2       100  1             1 0      4          5    3    2 1    
    4      2  2        2 10 1     3       2  0  2         5      3     2  2     
4        2  2   2    2  2 10   3        2    10      4        3      3  2       
       2  2   2    3  2  1 00         3     2 0  1         4      3   3     4   
     2  2   3   3   3   2  10      3      3   0 1      4       4   3    4       
   3  2  4   3   3    3   1 1   3      3      00   5       5    4   3    4      
4   2     4   3    3     1 1 4      3     3   10      5     5    3   2          
  2   3    4    3       1 1      4     4     2 0 0     5      4    3        5   
3  3   2     4         1 1   2     5       3   1 13       5     4      4        
     2   2       4    2 1  2  2         3     2 1    4      4    2 1         3  
   2   2     4      3  2 2  2        3      2  2 0      4      2  1       3     
 2   3   3       3   3    2       3       2  2   1  2        3   1     4        
  1   3       3   3     2      4        3  2    1 1       4     1  1           2
 2 1       3   3      2    4         4   3     1      4        2  1          2  
  2     3   3       3  1         5    3       1   3          2   2 1       2   2
2    3   3       3    1     5      3         2 1           2   2  1      3   2  
  3   3       4      1 0        4          2  1          3   3   2    4    2  2 
   3      5         1  0 1  2            3   2        3   3    2  1      3  2  3
3    4             1   10 0           3    2       4   3     3   1    4   3     
 3           3    2   2 0 1        4     2     5    3     4     2 5    3     4  
          3     2   3   00     5       2  1      4    4       3     4    4    3 
       3      2  1      000          3   2   3    4        4    4    4     4    
    4       3   1       000       4    3  2   3        5    4    4     4    4   
4        4     2        000   2     4   3  1      5     5    4     4    4       
     4       3          100 1   3    3    1  2     5     4     4    4       4   
 5        3            1 000 1    4      1 0  2      5     4    4       5       
       4              2  1000 0         2  10   2      4    4      5        4   
   4                2   1 000 0       2   1 0 1    4    4     5         4       
                  3    1  100 0     2    2  00 1    4    3          4          4
               3      1  1 10 1   3    3    100 1     4         5          4    
            3        2  1 1 10 0    3      1 100  1        4           4        
         3         2   2 1 1 0 1 1        2 1 00 1     4           5            
      4          2   3  2 1  00 1       3  2  100  1          5                 
  5            3  2   3  1   000     3   2   1 10 1      4                      
            4      3    1    000  3    2    1 1 10   3                       4  
        5       4      2  2  100     2     1 1 1 00                      5      
   4        4        3  2   2 10   2      2 1 1  10                 5           
        5         3   3   3  2 1 0      2  2 1  1 1            4               5
   4           3   3   3   2  1  1    3  2  1  2 1   2     4              5     
            4   3   3    2   2  2  1   3   1 1  1  2   3             5         4
        4    3   3     2   3  2   1 3     1 1  2 0  1           5          5    
    4     4   3      2  1   2    2       2 1 0   1 1       4          4         
4     4    4       2   1  2  2 0       3  1  1  1 1    4          5             
  5    4         2    2 1  2   1    4    1  1  1 1 1         5              4   
   4           2    2  1 0    1 0       2  2  2 1 1     5               4    4  
             2    2   2  1   2  1     3  2  2  2 1 0                4    4     4
           3    2   2   2  2   2   3   3  2  2  2  1            4    4     5    
 4      3     2   3   2  2   3  2   3   2  2  2   1         5    4    4         
     4      2  1    2  2  1   3  2    3  2  2    2  2  2     4    4          5  
 4        3   2   3  2   2 0   2   3   3  2    3  2  2   3    4         4       
       4    2  2   3   3   1 1  2   3   3   3   3  2  1   3         5        5  
   4      3  2  2   3     1 1 0  1   3   3   3   3   2 0       4        4       
       4   3  2  1       2 1  1 1 1   3   3   3    3   1   3        4          4
   4    3   3   2      3  2  2 1 1 0   3   3    3     1 1       5          5    
     4   3    2     4   3  2  2 1  10   3    3       2 1   2          5        4
 4    4     3   2    3   3  2  1  1 00    4        2  2  2       4         5    
  4      3    2   3   3   2   2  1  002      3   3  2  2     5        4      5  
      3     2  2   3    2   3   2   10    3   3   3  2  1         5     4     4 
   4      2  2  1     2  2    2    2 1 1   3   3   3   1     4      5     4     
        3  2   1    2  2    2    3  1 1 1   3   3     2  1     4      5        4
     3   3    1   2  2    3   3    2 1 1 0   3      2   1  2     4         4    
  4   3      1  2  2   3   3     3  1 1  00       3    2     4         5        
   4        1 3  2  3   3     4    1 1   10    4     3   2        4           4 
           2   2     4    4       1 1   2 00      4    3      5           5    4
         3   3   3    4          1 1  2   10  3     3    4           4     5    
      3   3   3   2             2 1 2    2 1     4   3           5    4         
   4   3   3    3             3  1     2  1  2    3         4     4             
    3   3    3             4    2    2   1 0   3        5     5                4
 3   3    3            5      2    3    1  00      4     5                 5    
  3    4          5         3   3      1   10  1    4                 5       4 
   3         4           3   3        1   1 0 1 0                4        4    4
3        5            4   3          1   2  00  0            4        5    4    
    5             5    3            1  2    10  0        5       4     4     3  
             5      4              1 1     2 0  0   2        4     4      4    4
        5       5                 2 1    3   0  0 0      4     4      4    4    
   4       5                    3  2  1      0  0 0  2     4      5    4        

car 1-9's velocity:62.1
car 2-11's velocity:65.1375
car 1-11's velocity:65.8125
car 1-12's velocity:67.5
car 1-0's velocity:61.7625
car 1-14's velocity:63.7875
car 2-13's velocity:64.8
car 1-2's velocity:62.4375
car 2-4's velocity:58.3875
car 2-1's velocity:63.7875
car 1-7's velocity:53.325
car 2-9's velocity:63.7875
average speed:62.7188
1      5        0   2  2                 0   1 1 1     0       1  0   1      10 
  5             0 3  2                   0  1 1 1      0      2   0  2      2 01
     5          1  2                     0 1 1 1       1    2     02      3   1 
2              2 1    3                  10 1 1       2   3  2    1    4     2  
             3  1  3                    1 10 1      2  4   2     1 0       2  2 
          4    2                       2 1 01     2      2      1  1     3  2   
      5      3                       3  2  1    2      2  2    1  1   3   3   3 
 4        4       3               3   3   2   2      3  2     2  1 0   3   3    
      5        4               4   3    3   3     4   3     2   2  10   3    4  
 5         5               4    4    3   3    4    4      3   3   1 00   2      
      5                4    4     3   3   2    4       3   3     2  10 1    4   
 4                 5    4      3   3    3  2        3   3      3   2 10 0       
              5     5       4   3    3   2       3   3      3    2  1 1 0    4  
         4     4        5    4    3    2      3   3      3     2   2 1  00      
     5     4       4     4     4     2     4   3      3      2   3  2   00  2   
5      5       4     4     4       2   2    3      3       3  1   2     000     
  4        5     5     4         3   3   3      3       3    1  2       1000    
      4     5      5          3   3   3      4       3      2 1        1 100  2 
  4    5      4            3   3   3     4        3       3  2        1 1 100   
          5             3   3   3    4         3       3   2         1 1 1 10 1 
     4               3   3   3   4          3   3   3    3          1 1 1 1 10  
 3                4   3   3              4   3   3    3            1 1 1 1 1 0  
              5    3   3             4    3   3    3              1 1 1 1 1  00 
         5      4   3            5     4   3    3                1 1 1 1 1   00 
    4       4    3          5      4    4    3                  1 1 1 1 1    00 
0       5     4        4       5    4     4   1   2            2 1 1 1 1     10 
1  1      4        5      4     4     4      2  2            2  2 1 1 1     2 1 
  1   2       5       5     5     4        2  2            2  2  1 1 1    2  1 1
 2  2    5       5     4      4          3  2  1         3  2   2 1 1   3   2 1 
  2         4      4      5           3   2   2       4   3   2  1 1 0    3  2 1
1       4      5     5             4    2   3     4    3    3   2 1  1 1   2  2 
    4     5     4              5      3  4    4     3    4    3  1  2 1  2  2  2
2    4      5             5        3      4      3   2     3    2 1  2 0  2  2  
 2     4             5          3     5       4    2    3     3  1 0   02  2  2 
   2            5            3   2        5      3   3     4    2  0   1 1  2  2
 2         4              4    2     5        3   3    4      3    0  1   3  2  
       4              5      2  2          3   3   3       3       1 1 0   3   3
   5             5         2  2         3   3   3       3         1 1  00   3   
            5            3  2        3   3   3       4           1 1   000    3 
       4              3   3       4   3   3      4              2 1    000 1    
   4          4    3   3      5    3   3     4     4 1        3  1     100      
          4     4   3    3      4   3    4     5    1      3    2     2 00     5
      4     4    4    3     4    3   5    3        2    3     2     2   000     
  4     4    4     4    4     4        4         2   3      2     2     100     
    5    4     4    4     4        5           2  1       2     3      1 10   3 
     5     5    4     5       5              2   1      2    4        2 1 10   3
2     5     5    4       4            4    2    1     2  3          3  2 1 10   
 2     5     4       4            4      3     2    2            4   2  2 1 1 0 
  1      4       5            5       3      3    3          5     3  2  1 1  10
 1   2      4            4         4      4    3        5       4   3   1 1  2 1
1  2    4            4         5      5     3      4        4    3     1 1 0  2 
 1  1            5        4      5       3     4        5     3       2 1  10  2
   1        4         4     5         3    4       5       3        2  2  2 10  
  2     5         4    3           3   2      4       2 1         3  2  2  2 0  
2  2          5     3           4    3    4         2  2       3   2  2  2   1  
 2       5       4          5     3   3           2  2      3    2  2  2    2 1 
    4        4         5       3   3            3  2     4     3  2  2    2  2 1
1        5        4         3   3            4   3   3      4   2  2    3  2  1 
    3         5          4   3           4    3   3     4     3  2   3   2   2 1
 2       5           5    3          5     3   3    4      4   3  2    2   3  1 
    4           4      4        5       4   3   3      5    4   3    3  2    1 0
0      5    4      5       4        5    3   3    3     5    4    4   2     1  1
1 0     5     4        4       4      4   3    3   3     4    4     2      1  2 
  10      4        5       4      5    3    3   3    4    4       3       2 1  2
 2 0  1       4        4     4      4    4   3   2    4        4        2  1 0  
   1 1    4        5     5      4    4    3    2  2        5          3   1  0 1
  2 1 1       5     5       4    4     3     2        4     2      4     1   00 
0  2 1   3     4        5    4      3      3      5       2    4        2    10 
00  1      4       5     5       4      4    3          3  2          3     1 0 
00 1   3      4     4        5      4     4          3   2         3       2  1 
000 0     4     5       4       4     4           4    3        3        3   2  
100 1 0    3        5       4     5           5     4        4        4    3    
 100  0 1      5        5    4           5      4        4        5     4      1
1 10  10  2        4     4          5       5        4       5      4         2 
 1 0 1 00      4     4         4       5         5      4       5           2  1
1  00  10  2     4         4      5         5       5      5              2   2 
   10 1 12   4         5     5         4       5      4                 3   2  2
  1 00 1          4     4          4      5       5                  3    2  2  
 1  100       5     5          4     5       5                    4     3  2    
1  2 00  2     4           4    4       4                     5      3   3      

car 2-7's velocity:66.4875
car 2-13's velocity:59.7375
car 1-12's velocity:64.125
car 2-11's velocity:67.1625
car 2-5's velocity:54.675
car 1-2's velocity:68.175
car 2-14's velocity:69.525
car 1-1's velocity:76.275
car 1-7's velocity:67.5
car 2-10's velocity:59.7375
car 2-8's velocity:64.125
car 1-10's velocity:61.425
average speed:64.9125
