  1    1                1    4 1  2 0   30   1          2 1  1              3 1 
 2    1                2 0    1 0   01   0  2         3  1  1            4   1  
     2               3   0   1  0   1    03        4    2  1 1       4      2  2
   3              4      1  2   1  1     1     4      2   2 1    4     2  2  2  
3   3         5         2 1    1  2 1   2  2        3   2  1 1       2  2  2    
 3       4            3  1    1 0  2  2          4    3   2 1      3  2  2   3  
     5             3    1    1  00  2        4     4    3  1    3   2  2  2   3 
3               4      1    1   100      4     5     4    1  2    2  2  2  1    
            4         2    2   1 10  1    4      4       2 0    2  2  2   1  2  
        5           3    3    2 1 1 1 1      4         2   0  2  2  2    1 2    
   4             3    3     2  1 1 1 1   2           2     10  2  2     1       
              4    3      2   1 1 1 1  2           2      1 00  2      1       5
          4     3       2    2 1 1 1 1           3       1  100       2   3     
      5      4        2    3  1 1 1 1         3         2  2 10     2  4        
 4       5          2   3    2 1 1 1       3          3  2  2 10  2             
    4             3  1     3  2 1 1     4          4   2  2  2 00            4  
5              4    2   3   2  2 1  3          4     2  2  2   00        5      
           4      2  2    3  2  1          5       2  2  2     10   2      4    
       5        2  2   3   2   1      4          2  2  2      1 0 1    4        
  4           3  2  2    3    2   2            2  2  2       1  00 1            
           4   2  2   3     3   2            2  2  2        2   10            4 
       4     3  2  1     4    2            3  2  2   2    3    2 0 1      5     
   5      4   2   2  4      2  1        3   3  2   3   3     2   10  2          
      4     2   2         2   2 0    4   3   2  1   3      2    2 00          4 
  5       3   3         3   2   10    4    3   1 1       2    3   00      5     
       3   3         3    2    2 10     3     1 1      2   3      00 0       5  
    3   3         3     2    2  2 1  1       2 1     3  2         00 0  2     4 
 3   3         4      2    3  2  1  2      3  2   3   3           00 00   2     
  3        4        3   3   3   1 0     4   3  3   3              00 10 0     3 
       4         3   3   3     2  0 1    4      4                 000 0 0  2   3
   5          4   3   3      2    1  1      5                     100 0 13  2   
          4    3   3       2     1  2  2                         1 00 10  2   3 
      5     3   3        3      1 0  2                          1  100 10  2    
 4       4   3        4        2  00                           2  2 100 11      
     5    3   3   3      3   2    00                         3  2  2 000     5  
5      4   3   3      4    3      00                      3   2  2   1000       
   5    4   3     5     4         10                   3    2  2    1 100  1    
    5    4   2      5            2 1                4     2  2     1 1 00 1   3 
     5     2   2               3  1         5   2       2  2      1 1  100     5
5        2   3              3    2     5      3       2  2       1 1  1 100     
       2  2              3     2  1        3        3  2        1 1  2 1 100    
     2  2             4      3   1      3        3   3         1 1 0  1 1 10    
   3  2           4       3     1    4        3   3           1 1  0 1 1 1 0    
4   2         5        3       1 1         4   3             1 1   00 1 1  1    
  2      4          3         2 1      4    4               1 1  2 100 1  2 0   
3    4           4          3  1   2    4                  2 1 1  1 100 0   1   
 3           4           4    1  2  2                    3  1 1  2 1 00 0  2 0  
         4           4       2 2  2                   4    1 1 1  2  10 00   00 
     4           4         2    2    3            4       1 1 1 0   1 1 10   00 
 1           5           2    3   3           4          1 1 1  1  2 1 1 1   00 
1       4              2   3   3          4             2 1 1  2 1  1 1 1    10 
    4                2  1   3         5               2  1 1 3  1  2 1 1    1 11
2                  2   2 1       4      3           3   2 1    2 1  2 1    1 1  
                 3   3  1    4       3           4    3  1   2    2  1    2 1 1 
              4   3    2 1        4          5     4    2  2    3   2   3  1 1  
          4    3     3        4         4      5      3  2   3    3  2    2 1   
      5     3     4       4         5     5        4   3  3    4   3    3  1    
 5       4    4       5        4     5         4    3      4    3    4    2     
     4    4      4         5    3        1 0     4     5     4   2      2   3   
 4    4      5        4      3          2  1 1    3      4     3      2  1      
  4     4         4       4           3   2 1  2     5      4       3   1    4  
    4         4       5            3    3  1 1  3       4        3     2 0    4 
4         4      5              4    3    2 1       4         3      2   00     
      4     4               5     4     2  1    4          4       2     00 1   
  5     4        4     5      4       3   2 1          5         3       000    
    4        5    4       4        3    2  2 0    3           3          100 1  
2       4     4       4         4     3  2   1 1           3            1 000   
    4     5       5         4      3   3    1 1         3              1  100 1 
1    5       4          5       3   3      1 1       4                2  2 000  
         5         5         3   3        1 1    4                  2  2   000 1
    5         5           4   3          2 1 1                    2  2     1000 
         4            5    4           3  2 1                   3  2      1 1000
     5           5     5            3   3  1                 3   3       2 1 000
0           4     5              4   3    1               3   3        3  2  000
0       4    3               5    4      1             3   3        4   2    000
0   3     3             4     5         1           4   3       4     2      000
00     3            4    3             2        5    3      4       2        000
00  2           4     3              2     4      4     5         3          100
000         4      4               3   3      4    4           4            2 10
000     5      5                3   3     4    4           5              2  1 0

car 2-2's velocity:47.925
car 1-3's velocity:51.3
car 2-1's velocity:55.35
car 2-4's velocity:54.675
car 2-0's velocity:65.8125
car 1-5's velocity:62.1
car 2-5's velocity:58.05
car 1-9's velocity:53.6625
car 1-6's velocity:64.125
car 1-10's velocity:61.425
car 2-11's velocity:61.425
car 2-10's velocity:63.45
car 1-1's velocity:52.3125
average speed:57.8163
   5    30   2  1   1                 40         4          2   30     20 1     
     3   1 0   1   1              5    1     4            3  1   1   2  12    4 
  3     2  0  2   1          5        2  2             3    1   1  2   1  2     
      2    00    1      4           3  2            4      1   2 0    2 1      4
    3      00   1   3            4   2          4         2  2   0  2  1   2    
 4         00  2 0           4     2   3    4           3  2     00   2  2      
           100   0       5       3  1   5            4   2       00 0  2     4  
3         1 00   1  1         4    1             4     3         00 11   3      
         1  00  1  2      4       1          4      4   3        100  1      4  
        2   00 1 0    4          2       5      5    4          1 00 1   3      
      2     100  00            2    4      4     5             1  000 1         
    2      1 00  10 0        2  1      4    4                 1   1000          
  2       2  00 1 0 0      3   2   2    4                    2   2 100          
2       2    102  1 0   3    3   3  1                      3   2  1 000         
      2     2 0  1  10    3   3    2                    4    3   1  100       3 
    2     2   0 1 10 1 0   3     2                  4     4     1  2 00    4    
  2     2     11 1 00  10      3                5     4        2 1   100        
3     2      2  2  10 1 1   3              5      4          3  1   1 00        
    3      2  2   1 00 1 1            5       4           4    1   2  00     3  
 3       2  2    1  100          4        5           4       1  2    00  1     
       2  2     2  1 000     5       4            5          2 0      00 1    3 
     3  2     2   2  0000        5           5             3   0 1    100  2    
  3   3     3   2    1000   2           4               4      0     2 10       
   3     3    3     2 100 1         4               5          1   2  1 0      4
4     3    3      3  2 100      4              4              2  2   1  1  1    
   4    4      4   2  2 10  1              4                3  2    1  1  2 2   
    4      4     2  2  2 1 1           4                 3   3     2  2 1      4
4      5       3  2  2  1 1        5                  3   3      2  2  1   3    
  4         3   3  2   2 1    4                    3   3       3  2   2 1   3   
         3   3   3   2  1 1                     3   3       3   3   3  1 1    4 
      3   3   3    2   1 1 1 1               4   3       3   3   3    2 1 0     
   4   3   3     2    1 1 1 1            5    4       3   3   3     3  2  0     
    3   3      2     1 1 1 1        4     5        3   3   3     3   3    1    4
 3   3       3      2 1 1 1     4    3          3   3   3     4   3      1 0    
  3       4       2  1 1 1  2     3          4   3   3    4    4        1  0  2 
      5         3   1 1 1 1    4         5    4   3   2    4           2   01  2
 4           4     2 1 1 1 0        5     5    3    2  2             2     0    
         5       2  1 1 1  1   2     4      4     3  2             2       0 0  
    5          3   1 1 1  1  2   3      5      4   3        5    2         0 1  
            3     1 1 1  1 0  1    3       5    4      4       2           10  2
         4       2 1 1  1  0 1  2     4     5      5         2            2 00  
     4         3  1 1  1   10 0   3    3      4            3            3   00  
 2          4    1 1  1   2 1 00    4     4             3            4      10  
        4       1 1  1  2  2  000     5              3           5         1 0 0
    4          1 1  2 0  2    1000                3         4             2  1 1
0             1 1 2   01     1 100             3        5               2   1 1 
0            1 1      1  2  1 1 10          3      4                  2    2 1  
1           1 1      1 0   2 1 1 1       3     5                    2    3  1   
           1 1      2  1 1  2 1 1     3   4                       3   3    1   1
          1 1     3   2 1 0  2 1   3                           3   3      2   1 
         1 1   3    3  2  10  1 0                           3   3       2    2  
 3      2 1 0    3   3   1 0 1  0                        4   3        2    3    
      3  2  1 1   3     1  00   0                    4    4         3   3     4 
   4   3   2 1 1       2   10   1                4    4          4   3    4     
    3    3  1 1      2    1 1 10             4    4          5    4   3        5
 4    3    2 1     2     2 1 1 0         5    4         5     5    4      4     
   3     3  1    3     2  2 1  1    4     5        5     5     4      4      4  
4     3    1  2      2  2  1  1 1    4        4     4      4      4      5      
   3      2 0      2  2   2  1 1 3        4     4      5      4     5       4   
3       2   0    3  2   2   1 1       5     4     5       5    4        4       
      3     1 0   2   3    1 1   2      5    5       5              5     1  2  
   3       1  0 0  2      1 1  2   3            5              4         2 0    
3         1   1 00       1 1 1  2          5       4       4           3   0    
  1      1   2  10      1 1 1 0       5        4       5            4      1 1  
 1      1  2   1 0     1 1 1  1  1         4      5             4         2 1   
1      2 0    2  0    2 1 1  2  2      4     4              4           3  2    
     3   1  2    0  2  2 1 1  2    4     4              4            4   3     2
  3     1 0      00  2  2 1 0  1     4              5            5    3      3  
       1  0      100  2  2  1 1  1             5            5      3      4    3
      2   0     1 100  2   1 1  1         4            5        3     5     4   
    2     0    2 1 101    2 1  1      5           5          4   2      4       
  3       0  2  1 1 1   3  1  1  2           5           5     2    4           
          00   1 1 1 1    2  1 1        4           5        2  1              3
          00  2 1 1 1   3   1 1     5          5           3   1            4   
          101  2 1 1 0     2 1 1          4             3     2         5       
         2 1 1  1 1  1   3  2 1       4              4      2      5            
       2  2 1  2 1  2 1   2  2    4              5        2   3                 
     2  2  1 0  2 1  1  2  2  1             5           3  1                    
   2  2   1  00  2  1 1  2   1         4             3    2                     
 3  2    1   100   1 1 0    2      4              3     3                       

car 2-0's velocity:52.65
car 1-4's velocity:53.325
car 2-5's velocity:58.3875
car 1-5's velocity:58.05
car 2-7's velocity:58.05
car 1-6's velocity:60.4125
car 2-9's velocity:52.65
car 2-10's velocity:52.3125
car 1-10's velocity:53.6625
car 1-7's velocity:58.725
car 2-11's velocity:52.9875
car 2-1's velocity:48.6
car 2-3's velocity:48.2625
average speed:54.4673
                                                                                
                                                                                
                                                                                
                                                                                
                                                                                
                                                                                
                                                                                
                                                                                
                                                                                
                                                                                
                                                                                
                                                                                
                                                                                
                                                                                
                                                                                
                                                                                
                                                                                
                                                                                
                                                                                
                                                                                
                                                                                
                                                                                
                                                                                
                                                                                
                                                                                
                                                                                
                                                                                
                                                                                
                                                                                
                                                                                
                                                                                
                                                                                
                                                                                
                                                                                
                                                                                
                                                                                
                                                                                
                                                                                
                                                                                
                                                                                
                                                                                
                                                                                
                                                                                
                                                                                
                                                                                
                                                                                
                                                                                
                                                                                
                                                                                
                                                                                
                                                                                
                                                                                
                                                                                
                                                                                
                                                                                
                                                                                
                                                                                
                                                                                
                                                                                
                                                                                
                                                                                
                                                                                
                                                                                
                                                                                
                                                                                
                                                                                
                                                                                
                                                                                
                                                                                
                                                                                
                                                                                
                                                                                
                                                                                
                                                                                
                                                                                
                                                                                
                                                                                
                                                                                
                                                                                
                                                                                

average speed:-1.#IND
                                                                                
                                                                                
                                                                                
                                                                                
                                                                                
                                                                                
                                                                                
                                                                                
                                                                                
                                                                                
                                                                                
                                                                                
                                                                                
                                                                                
                                                                                
                                                                                
                                                                                
                                                                                
                                                                                
                                                                                
                                                                                
                                                                                
                                                                                
                                                                                
                                                                                
                                                                                
                                                                                
                                                                                
                                                                                
                                                                                
                                                                                
                                                                                
                                                                                
                                                                                
                                                                                
                                                                                
                                                                                
                                                                                
                                                                                
                                                                                
                                                                                
                                                                                
                                                                                
                                                                                
                                                                                
                                                                                
                                                                                
                                                                                
                                                                                
                                                                                
                                                                                
                                                                                
                                                                                
                                                                                
                                                                                
                                                                                
                                                                                
                                                                                
                                                                                
                                                                                
                                                                                
                                                                                
                                                                                
                                                                                
                                                                                
                                                                                
                                                                                
                                                                                
                                                                                
                                                                                
                                                                                
                                                                                
                                                                                
                                                                                
                                                                                
                                                                                
                                                                                
                                                                                
                                                                                
                                                                                

average speed:-1.#IND
4    4 1            1    3         5   3  2 1 1   10         500                
 4    2            2  2       5     4   2  1 1   2 1    5     10            5   
    2         3  2  2    3      4     2   2 1  2  1          1 0       4     5  
  2        4   3  2   3     4       2   3  2 1   1          2  0   4    3       
3      4    4   2  1    4    2    2  3   3  1   1         2    1     3    4     
   5    4     3   1 4      3    3     3    1   1        2     1   3   3      3  
    4      3     1      4    3     4      1   2       3      1 0   3      3   2 
3       4       1   3     4    4         1  2      3        2  00      3    2   
    5          1 0    4    4            1 0     3         2    10   3     3  4  
              1  00    4               1  1  3          3     2 10     3       5
     4       2   000                  1  2    3      4      2  1 0  1     5     
 5         3     100     5           2 1   3     4        3   2  0 1 1          
        3       2 003              2  1 1    4         3    2    01 1       5   
3    3        2   00             2   2 1 1     3    3     3      1 1   2        
  4         3     10           3   2  2 1   3    3     4        1 1  2       4  
         3       1 1   2    3    3  2  2 1    4    4           2 1 1     5    4 
      4         1 1  2   3    4   3  2  2 1    4             2  2 1 1     5     
  5            1 1 1  2   2    3   2  2  1 0     2         3  2  2 1 2          
              1 1 1 0   2   3    3  2   2  1   3        4   2  2  2          5  
             2 1 1  1 0  1    4   2   2   2 1       5     2  2  2       5       
           2  2 1  1  1 1 1     3   3   3  1   3        2  2  2    3            
         3  2  1  2  2 1     4   3   3    1 1         2  2  2   3               
      3   2   1 3  2  1  1    4   3      1 1        2  2  2  2              3   
   3    3    1   2   1  2 1    3        1 1       3  2  2  2             4      
3    4      2  2    1 0  1  1          2 1     3   3  2  2   3       4          
 5        3  2     1  1 1  1         3  2   3   3   2  2  2      4           3  
       4   2      1  2 1  1       4   3  2   3    3  2  2    4            3     
   4     3       1 1  1  2    4    3   2  1    3   2  2  1             4        
      3         2 1  2 0  2     4    3   1  1    3  2   1          5           5
   3          2  1 0   00   2     3     1  1  1   2    2      4           4     
3           2   2  1   00 0    4       1  1  2  2    3    4           5         
          3   3   1    00 00          1  2 0  2   3   3          5           3  
       3   3     1     00 10         2 1   00  2   3        4             3     
    4   3       2      100 0       2  1    000  1       4              4        
5    4        2       2 10 1     3   2     000 1    4              5            
 5          3       3  1 00   3    2       0000 0             4            4    
         3       3    1  100     3         1000 0         5            4    4   
      4       3      1  1 10  2           2 100 0    3             4    4       
  4        3    2   2  2 1 02           3  2 00 0 0            5    4           
        4     2   2  2  2  1   3     3   2   00 1 0       5     5             4 
    4       3   2  2  2   2 0     4    2     000  0  1     4              5     
4        4    2  2  2   3   0 0      2       000  0 1  2             5          
     5      2  2  2  2      0 1    3         100  10            5           4   
5         3  2  2  2        10  1           2 10 1 0       4            5       
       4   3  2  2         2 0 1          3  2 00  1   2           4       5    
   5    3   3  2         3   01  1     4   3   10 1  2         5      5         
     3   3   2        3      0  1  1    3     2 10 0      5      5            4 
  3   3    3       4         0 1  2  2      3  1 1 0 0      5             5     
   3    3      4             00 1  2     4    1 1  0 0 1             4         3
3    3     5                 100 0   3       1 1   0 10          5          3   
  3   5                     1 10 10         2 1    00 1     4            3   3  
                           2 1 10 1       2  2     101  1             3   3    4
                         3  1 1 00      2  2      1 1  1           4   3   3    
                      4    1 1  10    2  2       1 1  1        5    3   3       
                  5       1 1  2 1  2  2        1 1  1    3      4   3          
             4           2 1 0  1 0  2         1 1  1  1     4    4             
         4             3  2  0 1  00          1 1  1  2  1    4                 
     5              4   3    00   10         1 1  1 0   2 1                     
5               4    4       00  2 0        1 1  2  1 1  1                      
            4    4           100   0       1 1 2   2 1  2                  4    
        4    4              1 00   0      1 1    3  1 1                4        
    5    4                 2  00   00    2 1  1    1 1             4            
     5                   3    10   00  2  2  2    2 1          4               4
3                     4      1 0   100  2  2    3  1       4               5    
                  5         2  0  2 000  2   3    2    4              5      4  
             5            2    10   0000  2     3  1     3       5       5      
        4               3     2 0   10000    3    1   3     5       4           
    4      4     4   3      2   1  2 0000 1      1 0   2        4               
5      5     4    3       3    1 1   00000      2  0 1      4                   
  4      5     3       3      1 1    00000 0  2    10   2                  4    
    5       4       3        2 1  2  10000 10     2 1 0                5      5 
        4        3         3  2 1   2 00000 0   2  2  1           5      4     4
    4         4         4   2  2  2   10000 1 1  2   1       5       4     5    
4         5         4     3  2  2    1 00000 1 0    2   2        4    4         
     5          4      4   3  2     1  000000  1  2   3      4    4         4   
4           4      5    3   3      1   000000 1 0  2     4    4         5       
        4     4      4   3        2    0000000  10   2    4        5        5   
    4     4      5    4         2      1000000 1 1 0  2       4        5        
4     4     5     5           2       1 0000000 1  00     4       5             
  5    3     5              2        1  00000000   10 1      4              5   

car 1-8's velocity:63.1125
car 1-1's velocity:54
car 2-3's velocity:51.975
car 2-2's velocity:56.7
car 1-10's velocity:69.8625
car 2-0's velocity:58.3875
car 2-7's velocity:52.3125
car 1-5's velocity:48.6
car 2-5's velocity:54.3375
car 1-6's velocity:48.6
car 1-4's velocity:50.2875
car 2-6's velocity:54.675
car 2-8's velocity:53.325
car 2-10's velocity:48.9375
car 2-12's velocity:44.2125
car 1-13's velocity:47.5875
car 2-14's velocity:52.9875
car 1-3's velocity:67.1625
average speed:54.2813
       2     4  2      0    2      2000          4         5 0       50  2      
     2   4    2        0  2      2  100      4        5      0  2     10        
   2        3  2       12      2   1 10  1       5           11      1 0     40 
 2       4   2        1      3    1 1 0 1   3               1    3  1  1 0    1 
     4     3         1    3      2 1  00 1                 1  2    1  1  0   2 0
 3      3       4   1  2       2  1   000          4      2 2     1  2   0 1   1
     4      4      2 3       2   2    000  2   3        3        1 0     00   1 
 2      4        3         3   2      0000  2        3          1  0     00  1  
    4         3         4    2        00000       4            2   0     00 1  2
1          3        5      3          10000   3              3     0     100 1  
        4      4        3            2 00000              4        1    2 000  2
    5      5         3             2   00000          4           2   3   1000  
      4           4              3     00000      4             3  2     2 100 1
  3           5               3        00000  1              3   3     2  1 102 
         5                 3           00000 1            3   3      3   2 1 0 1
    4                   3              000000          4   3      4    3  1  10 
1                    4                 000000      5    4     5     3    2  2 1 
                 4                     000000 0     4    3       3     2  2  2 1
             4                         000000 0 0     4       3      2  2  2  2 
  5      4                             000000 1 0 2        3       3  2  2  2   
     4                                 0000000  1       4       4   3  2  2  1  
 4                           5         0000000 1    4       4    4   3  2   2   
                        5              10000000 0       5    4    3   2   3  2  
                   4                  1 1000000 1  1     5     3    3  1   2    
               4                     1 1 1000001  2 2       4    3    1  2      
           5                        1 1 1 10000 1       4     4      1 1        
      5                            1 1 1 1 00000    4     5         1 1         
 4                                2 1 1 1  000001    3             1 1          
                                2  2 1 1   00000  1               2 1        5  
    5                         3  2  1 1    00000 1              3  2    3       
                           4   2   2 1     000000            4   2   3         4
                       4     3   3  1      100000        5     3  1        4    
                   4      3   3    2 1    2 00000   3       4    2     4        
               5       3   3     3  1   2   100000      5      2   2            
          5         3   3     3    2  2    2 10000 1         3   3    3         
     5           3   3     3     3  2    3  1 00000       4   3    3    2       
4             3   3     4     3   3   3    1  00000   3    4    4     3         
           4   3    4      4   3   3      1   100000   2    4      4        5   
       4    3   2      5    3   3        2   1 10000 0  2      5       4        
   4     3    2   4      3   3         2    1 1 0000 13   5        5            
      4     2         4   3          3     1 1  00000         5           1    4
  4       3       4    3          3       2 1   00000    3               1 1    
       3      4     4          3        3  1    10000 1                 1 1   2 
    4     5     5           3   2    4    1    2 10000                 2 1  2   
4    4     4             4    2  1       1   3  1 0000               2  1 0     
 4     5             5      3   2       1 4    1  0000             2   2  0 1   
  3             4        3    2        2      1   0000           2   2    00 1  
            5         3     2        3       1    10000        2   2      000  1
       5           4      2       3         1    1 1000      2   2        100 1 
  4            5        3      3           1    1 1 000    3   3         1 100  
          4          3      3             1    2 1  000 0   3           2 1 100 
      4           4      3               2   2  2   000 10            2  2 1 10 
1 0           4       3                3   3  2     1001 0          2  2  1 1 1 
  1       4        3                4   3   3      1 10  1        2  2   1 1 1 1
 1    4         3               4    4   3        2 1 1 1       3  2    2 1 1 1 
2 1          3              4    4    3         3  1 1 1     3   3    3  2 1 1  
 2        4             4    4     3         3    1 1 1   3   3    3   2  1 1 1 
      4             5    4      4         4      2 1 1 1   3    3    2   2 1 1 0
  1            5     5      4         4        2  1 1 1 0    4     3   3  2 1  1
 1        4     5       4         5          2   2 1 1  00      3   3   2  1  2 
1     4    4        4        4             2   3  1 1   00   3   3    2   1 0   
  2             4        4               2  2    2 1    000   3     3    2  0  1
1           4        4                 2  2    3  1     0000     3     3    0 1 
        5        4                   3  2   3    1      1000  2     3       00 1
   4         5                    4   2  2      2      2 0000    4          000 
        4                     5     3  2      3      3   10001              0000
    4                    4       3   2     3    2 1     1 000               0000
0                    4        4    3    3     3  1     2  100               0000
0     4          5        5     3    3     4    1    2   1 10               1000
0 1         5        4       3    3    4       1   2    1 1 1              1 100
00     5         4        4    3   2          2  2     2 1 1              2 1 10
000          5        4     4    2          2  2     2  2 1             3  1 1 1
100     4         5     5      2          3  2     2  2  1           4    2 1 1 
 10 1        4     4         2         3   2     3  2   2        4      3  2 1 1
1 10     5     5           3        3    2    4   2   2      5       4   2  2 1 
 1 00     4             3        3     2  2     2   3   3        4     3  2  2 1
1  10 1              4        4      2  2     3  2   3       4      4   3  2  2 
  1 00 1 1       5        4        3  2    3   3  1      4      5    4   2  2  2
 2  100 1   2         4         3   3   3   3    2   3     5     5     2  2  2  
   2 000  2       4          3   3   3   3     3  2   3     4        2  2  2   2

car 1-14's velocity:55.0125
car 2-4's velocity:45.9
car 2-9's velocity:66.825
car 2-12's velocity:62.775
car 1-0's velocity:61.425
car 1-5's velocity:55.35
car 1-11's velocity:44.55
car 1-13's velocity:41.5125
car 1-8's velocity:56.3625
car 2-0's velocity:40.1625
car 2-1's velocity:40.5
car 2-2's velocity:38.8125
car 1-4's velocity:43.5375
car 1-3's velocity:73.575
car 2-6's velocity:64.125
car 1-9's velocity:65.8125
car 1-6's velocity:41.85
car 2-3's velocity:46.575
average speed:52.4813
