   4    3 1   1   10  2  1 1  2       3    0             4    3 1               
     3   1   2   1 03   2 1 0      4       0         5     3   2               5
  3     1  2    2  1  2  1  0  2       3   1  2 1       4    3            4     
       1 0    3   1 1   2   1       4     2 0  1    4     3           5        4
      1  1 0     1 1  2  1 1    4       2   1 1 1      3         5         4    
     1  1  0    2 1 2   1 1 2         2    2 1 1    4       5          5        
    1  2   0  2  1     2 1          3    2  1 1 1      4          5            5
   2 1     03   1    2  1  2     4     3   2 1 1   2         5            4     
 2  2      1   1   2   1 0   3      4    2  1 1  2      4             4         
  2       2   1  2    1  00     5      3   2 1 1    4             5            3
3       3    2 1     2   000        3    2  2 1 0            5              4   
     3     2  2    2     0000    3     3  2  2  0       4               4    4  
  4      3  2    2       1000 1     4   2  2    1   4               5    4      
    2 2   3    3        1 1000  1     2  2     2               5     4        5 
  3    4    4          1 1 100 1    2  2     2            5      5       5      
   2    4             1 1 1 100   2  2     3         4      4       5          3
 3  2                2 1 1 1 10 2  2    3        4      4      4            4   
  2                3  1 1 1 1 0  2   3       4      4      4            5     4 
3               3    2 1 1 1  00  2      4      4      5      5    3      5     
             3     2  1 1 1   00     5      4     5      5      3    3       4  
          4      2   2 1 1    100       4    3      5        3    3      5      
      5        2   3  2 1    1 00   2     4    4          4    4    4           
 5           3  2   2  1    1  10 0   2    4      5   2    4    4               
          4   3   3   1    1  1 1 1 1  2     5      2  1    4               4   
      5    3   3     2    2  2 1 1 1 0  2         2   2 1               5       
 5      3   3      3    2  2  1 1 1  01         3   2  2           4            
     3   3      3     3  2   2 1 1   1       4    2  2         5            5   
  3   3      3     4   3   2  1 1   2    4      2  2      4            5        
   3      3    4    3    2   1 1  2  1        2  2    4           4            4
3      4   2     4     3    1 1 1   2       2  2  1           4            5    
   4     3   2      4      1 1 1  2       2  2   2 1      5           4      4  
      3    3    4         2 1 1 0       3  2   2  2  2            4      5     4
   4    4   2           2  1 1  1    4   2   3  2  2          4     5      4    
    4     3           3   1 1  2 1     3  2   2  2        4    3       5       4
4      3           3     1 1 0  2   3   2   3  2      4     3     5        5    
    3           3       2 1  00  2    3  1   3    4      4   5        4     5   
 3           3        2  1   100   3    2 0   3      4            4    4        
          4         3   1   1 101     3   10     4            5    4          4 
      4          3     1   2 1 1   3     2 1 0           5     4          5     
  4           4       2  2  2 1 1      2  1  1      4      5         4          
          5         3  2  2  2 1     2   2  2   3     5          5            5 
     5           4   2  2  2  2    3   3  2  1   3          4            5      
4            4     3  2  2  2   3   3   3   1 1         5           4           
         5      4   2  2  2  1   3   3     2 1     5            4           5   
    5       4     3  2  2   1 1   3      2  1 0     1       5          5        
        4      4   3  2    1 1 1       3   1  0    2   3          4            5
    4      5    3   3     1 1 1     4     1   1  2  1         4           5     
5     4      3   3       1 1 1  2        1 0 1 2   1  1   3          5          
  4       3   3         2 1 1 0     3   1  00     2  2 1        5          4    
       3   3          3  1 1  1  1     1   00   2  2  1    3           4      4 
    4   3          4    1 1  2  1     1    00 0  2   2  2          5      5     
5    4         5       1 1 1   1 0   1     10 10   2  2       4      4          
 4        5           2 1 1   2  0  2     2 10 1 0  2     4      4         4    
     4              3  1 1  2    11     3  1 10  11   2      4         4     5  
 5               4    2 1 0     1    3    1 1 0 1   2    4         5    3       
             5      2  2  0    1  1      1 1  00  2  1    3   3      4      5   
        4         3  2    1   1  1      1 1   000   1  2   3     4     4        
    4          3   3     1   2  2  1   1 1    000  1    4    4     4            
4           4   3       1  2  2   2   2 1     000 1 1    4     4                
        4    3         1 1  2   2   2  2      1000 1 0     5                5   
    4     3           1 1 1   2   3  2       2 1000  10                4        
4      3             2 1 1  2  2   2       3  2 100 1 1            5            
    3              3  1 1 1  2   2      3   3  1 100 1        4             5   
 4              4    1 1 1 0   2     3   3    2 1 100     5            4        
            5       1 1 1  1 1    4   3     2  2 1 100             4         5  
       5           1 1 1  1 1 1    4      2  2  1 1 10         5        4       
  4               2 1 1  2 1 1 1        3  2   1 1 1 1    4         4           
                2  2 1 1  1 1 1      3   2    1 1 1 1 0         5       4     5 
              3  2  2 1  1 1 1    3    2     1 1 1 1  1    3        5    3      
           4   3  2  1  1 1 1  1     3      1 1 1 1  1  1      4      4         
       4    4   2   2  1 1 1  2   3        1 1 1 1  2  1   2      4             
   4    4     3   3   2 1 1 1  1          1 1 1 1 1   2  2    4                 
    4      4   3    3  1 1 1  2          1 1 1 1 1  2  2  2                    5
4      5    4    3    1 1 1 0           1 1 1 1 1 1  2  2                 5     
  5     4     4      2 1 1  0          1 1 1 1 1 1 0  2              5      5   
    5     5        3  2 1   10        2 1 1 1 1 1  10           4      4     4  
     4          3   3  2   2 1      2  2 1 1 1 1  2 0       5      5     4     5
 5           4   3   3   2  2     3  2  2 1 1 1 0   0  2      5      4    3     
         5    3   3    3  2    3   3  2  1 1 1  0   10   2       5     3    3   
    5      3   3    4   3   3   3   3   1 1 1   0  2 1 0    3       4    4      

car 1-0's velocity:49.6125
car 2-10's velocity:62.4375
car 2-11's velocity:62.775
car 2-0's velocity:56.3625
car 2-2's velocity:54.675
car 1-5's velocity:52.3125
car 1-7's velocity:50.9625
car 2-12's velocity:67.5
car 2-1's velocity:60.4125
car 1-3's velocity:58.725
car 1-4's velocity:57.7125
car 2-14's velocity:57.375
car 1-6's velocity:58.3875
car 2-4's velocity:55.6875
car 2-6's velocity:55.35
car 1-9's velocity:59.0625
car 1-10's velocity:59.0625
car 2-9's velocity:57.375
average speed:57.5437
 2          30   1 1 1           5       3      4     2 10              4    10 
         4   1  2 1 1       4         3     4       2  1 0          5       1 10
    10      1 1  1 1    4          4    4         3   1  1     5           1 1 1
   2 0     1 1  1 1 1          5    4          3     1  2 5               1 1 1 
 3   1    2 1  2 1 1      5     5           3       2 1                  2 1 1  
    1  10  1 0  2 1  1     5      4      4        3  2                 3  2 1 2 
   2  2 0 1  11  1  2 1       4      4         3   2        4       4   3  2    
 3  2   10  2   1 1  2    4      5          4    3      5       5    4   3      
  2  2 1 11    1 1 0  2     4           5     3    4       5     4    4       3 
3  2  2 1     2 1  00   2          4       4   2      4      5    4        3    
 3  2  2    3  1   00 0        5       5     2    4     5     5         4    4  
  3  2   3    1    10 0   3       5        2  2    4     5          4    4    4 
   2  2      2    1 1 00     4           3  2  1    3           4    4    4    4
 2  2      3     1 1  00 4            4   3   1  1          5    4    4    4    
  2     4       1 1   10          5    4     1  2      4     5    4    4       3
3   3          2 1   1 1     4     4        2 0    4    4     4    4        4   
 3      1    2  1   2 1  1     5          2   00    4     5    4        4    4  
       1   3   1  2  1  1 0             2     000    3     5        5    4    3 
      1 0     1 1   2  1  1           3       100 1   3        4     4     4    
     2  1 0  1 1  2   2  1         3         2 001 2       5     4     4        
   2   2  0 1 1 0   3   2       4          2   10     5      5     4            
 3   3    10 1  10    3     5            3    2 10      4      5                
  3      1 00  2 0 0   2              4     3  2 1  2     5                   4 
        2  000   0 0 1            5      3   2  1 1  1                    4    3
      2    100   0 10        5        4    2   1 1  2                 5     3   
    2     2 00   00 1   2         5      2    2 1 0              5       4      
  2     3   10   100  2      5         3    2  2  1         4        5          
3    3     2 0  2 001   3           4     2  2   1      4       4               
  3      2   00   10 1          4       2  2    2 1 0       5                3  
       3     00  2 10       4         3  2    3  2  0  2       5          4    4
    4        100  2 0   3          3   2   3   3    00    4           5    4    
5           2 100   10          4    3  2   3       100          5     5        
          3  2 00  1 0      5     3   3  1    3    2 10     4     4        5    
       3   2   00 1  1 0       3   3    1  2     2  1 0 1     5       4         
    4    2     100  1  1    3   3      1 3     2   2  10 0        4             
5      3      2 00 1  1  2   3        1      3   2   1 1 1    4                 
    3       2   000  2 0  2          2    4    2    2 1 1 0                4    
 4        3     1000   10          2  2      2    3  1 1  0            4        
       4       1 000  2 1        2  2      3   3    1 1   1        4         4  
   4          2  1000  1       3  2     4   3      2 1   1     4         4      
            3   1 100 1     4   3   5    3       3  2   1  4         5         5
         3     1 1 000  2    3        4       3   3  2 1        5         5     
      3       1 1  0000   3       5        3   3   2  2    4         5          
   4         2 1   00000     5          4   3    3  2  2        5               
           3  2    000002           4    4    3   2  2     4                   4
        4   3      10000        5    4     3    2  2   2                   5    
    4    3        2 1000   2     4      3     3  2   2  2             5        4
4     3         3  1 000 1   2       3     3   3   2  2          4         5    
   4         3    1  000   3      4     3   3    3  2        5        5     5   
          3      2   0000     4      4   3    4   3     4        4     4       5
       3       2     1000 0      4    4   2    4    4        4     5      4     
    4        2      1 100 1  2    4     3  2    4        4    3       5         
5          3       1 1 100 1  2      3   2  1        5     4     4              
        4         1 1 1 100       3    2   1    4      5     4             4    
    4            1 1 1 1 10    3     2    1 1     5      4             5        
4               2 1 1 1 1 0 2      3     1 1 0       5            5             
              3  1 1 1 1  1     4       2 1  0  2         3  1              4   
           4    1 1 1 1  1  2         3  2   00        3    1           4       
       4       2 1 1 1  1 0        3   2     10     3      2        5           
   4         3  1 1 1  1  1     4    2      1 0  1       3     4                
          3    1 1 1  2  2  2      2       2  0 1     4    4                   5
       3      1 1 1 1  2  2      2       2    10  2    4                  5     
    4        2 1 1 1 1  2      2       2     2 00  1                 5          
4          2  1 1 1 1 1      2       2     3   00 1          1  2               
         3   2 1 1 1 1     2       2    3      000          2 0             5   
      4    2  2 1 1 1    2       3   3         000        3   1        4        
  4      3  2  1 1 1   2      3   3            000 1   3     1     4            
      3   3   2 1 1  2     3   3               0000 0       2  2              5 
   3   3    2  1 1 0    4   3                  0000 0     2  2           4      
4   3     2   2 1  00    3                     1000 0   3  2         4          
 4      2   2  2   00 0                       1 000 00   3       4          5   
      3   2  2     00 0                      2  100 100      4         4     4  
   3    2  2       10 1                    2   2 100 10  2         5     4      
3     2  2        2 10                   2   2  2 100 01      5      5          
    3  2        2  1 1                 3   2  2  2 00 0  2      5      5     4  
 3   3        2   1 1               3    2  2  2   00 00   2      5      4      
  3         2    1 1             3     3  2  2     00 10 1   2       5        4 
          2     2 1           3     4   3  2       101 10  2    3         4    4
        3     3  2         3    4    4   2     4  2 1 1 10   3        5    4    
     3     3   3        3   3    4     2   3    2  1 1 1 00      5     4        

car 2-0's velocity:57.7125
car 2-11's velocity:65.1375
car 2-14's velocity:52.65
car 1-8's velocity:69.525
car 2-13's velocity:63.1125
car 1-3's velocity:55.0125
car 2-6's velocity:50.9625
car 1-13's velocity:65.8125
car 1-1's velocity:65.475
car 2-3's velocity:60.75
car 2-7's velocity:55.35
car 2-10's velocity:51.3
car 1-2's velocity:70.2
car 1-9's velocity:57.0375
car 2-12's velocity:55.35
car 1-6's velocity:63.7875
average speed:59.9484
                                                                                
                                                                                
                                                                                
                                                                                
                                                                                
                                                                                
                                                                                
                                                                                
                                                                                
                                                                                
                                                                                
                                                                                
                                                                                
                                                                                
                                                                                
                                                                                
                                                                                
                                                                                
                                                                                
                                                                                
                                                                                
                                                                                
                                                                                
                                                                                
                                                                                
                                                                                
                                                                                
                                                                                
                                                                                
                                                                                
                                                                                
                                                                                
                                                                                
                                                                                
                                                                                
                                                                                
                                                                                
                                                                                
                                                                                
                                                                                
                                                                                
                                                                                
                                                                                
                                                                                
                                                                                
                                                                                
                                                                                
                                                                                
                                                                                
                                                                                
                                                                                
                                                                                
                                                                                
                                                                                
                                                                                
                                                                                
                                                                                
                                                                                
                                                                                
                                                                                
                                                                                
                                                                                
                                                                                
                                                                                
                                                                                
                                                                                
                                                                                
                                                                                
                                                                                
                                                                                
                                                                                
                                                                                
                                                                                
                                                                                
                                                                                
                                                                                
                                                                                
                                                                                
                                                                                
                                                                                

average speed:-1.#IND
