 0          5 1         1  2   3      1 0 1    0  2    3 0   0    3             
 0     4     1         1 0  1        1  02     12   3    1   0 1                
 0 0        2    3    2  0 1        1   1     1  1      2    10                 
 1 1      3   3     3    11  2     1   2     1  2     3     2 1                 
2 1    4   3     4      1  2      2  2      1 0    4      3  1                  
 2 4    4    4         2 0      3  2       2  10       4    2                 2 
    4    4        2  2   00  2   3       3   2 1   3      3                 2  2
1    4          3  2     10   3       4    3  1 0      4                  2  2  
 1       4   3   2      1 00      5     4    1  1  1                    2  2   1
1    4    3    2       1  00 1      5       1  2  2                   2  2    1 
 0     3     3        1   000  3           1 0  2                   2  2     2 1
 0  1     4          2    000             2  00                   3  2     2  1 
 1 1  2            2      000           2    00                3   3     2   1  
2 1              2        000         3      00 0           3   3      2    1   
 2  2          3          100      3         10 0        3   3       2     2  2 
  2         4            1 10   3           1 1 1     4   3        2     3  2  2
2       4               1 1 00             1 1 1  2    3         3    4   3  2  
    4                  2 1  000           1 1 1 1   3         4   4    3   3  2 
3                    3  1   100          2 1 1 1 0        4         4   3   3   
                  4    2   1 00 1      2  2 1 1  0    4         5    3   3   3  
              4      3    2  100     2  2  2 1   00        5      3   3   3     
          5       4     2   1 10   2  2  2  2    00   4        4   3   3        
     4        5       2    1 1 1 1  2  2  2      00        5    3   3           
 4       5          2     2 1 1 1 1  2  2        10   3      3   3              
    5             3     2  2 1 1 1 0  2         2 10      3   3              5  
               3      2  2  2 1 1  00         3  2 1   3   3            4      5
            4       2  2  2  2 1   100     3   3  1 0   3           4     4     
        5         2  2  2  2  2   1 00  1   3    1  10          5     5         
   4            2  2  2  2  2    1  10 1 0      1  1 0     4     4              
              3  2  2  2  2     1  2 00  1     1  1  0 4     5                 5
           4   3  2  2  2      1 1   00 1     2  2   1  1                 5     
       4    3   3  2  2       1 1    100    3  2    1  2             5          
   5     3   3   2  2        1 1    1 00 1   3     1 1          4               
      3   3    3  2         2 1    2  000 0       2 1       5                 4 
   4   3    4   2         3  1   2    000 1     3  2   3                  4     
    3   3     3        3    1  2      0000   3   3  1                 4        4
 4   3     4        3      2 1        10000   3    1    3         5        5    
  3    4         3       2  1        1 10000      1  1       5        4      4  
   3          3        2   2   2    1 1 0000     1  2   3         5      5     3
3          4         2   2   2     1 1  1000    1 0  2       4      4       3   
       4           3   2   3      1 1  1 000   1  00     5      4        4   3  
   4            4    3  2        2 1  1  100  1   000       4        5    3     
            4     4   2        3  1  2  2 10 1    000   3       4      3       4
        4     5     2       3    1 1  2  2 00     1001      5       4      5    
    4    4        3      4      2 1 0  2   10    2 00  1        5     4         
4    4         4     5        3  1  10    2 1  2   00 1    4      5             
 4         4    4          4    1  2 0  2  2 2     000 1     4              4   
       4    4          4       1 0   12  2         100   2              4    4  
   4    4          4          1  1  2  2     2    1 10 0            5    4      
    4          5             1  1 1  2     3     1 1 0 0       4     5         4
4         5                 2  2 1 2    4       2 1  1 0   2    3          5    
     4                    2  2  1   2         3  2  2  0 0   3        4     4   
 5                      2  2   2  2        4   2  2    0 00       4     5       
                      2  2   3  2      4     3  2      1 00   2    4        5   
                    3  2  2   3  1 0      3   2  2    1  00 2  1       5        
                 3   3  2  1    2  0   3    2  2     2   00   2   3             
              4   3   2   2   3    11     2  2     3     10 1  2                
          5    3    3   2  2      2     3  2    4    2  2 10 0                  
     4      3    3    2  2      2    3   3  1      2  2  2 0 0                  
 4       3    4     3  2      2   3   3    2     2  2  2   1 1                  
      3   3      3   2      2  2   3     2     3  2  2    2 1                4  
   3   3      3    2      2  2  2      3    4   2  2    2  1             4      
3   3      3     3      3  2  2     3   2     2  2    3   2          5          
 3      4     3      3   3  2    4    2     2  2   3    3       4            3  
    4      3      3   3   3  1      2     2  2  2    3      4             3   3 
4       4      3   3   3    2     3     3  2  2   3     5              3   3    
    5       3   3   3     2    4     4   3  2  2   2                3   3   4   
         4   3   3      2  2     4    3   3  2   3               4   3         4
     5    4   3       2  2   2     4   3   3  2              5    4        4    
4     5    3        2  2   2   2    3   3   3           5     5        5        
 3      4         3  2   2   3   3   3   3         4     4        5         5   
    4          3   2   2  2   3   3   3        4     5       5         4      4 
4           4    3   3  2  2   3   3       5    3       5          4      5     
        5     3   3   3  2  2   3     5      3     5           4     5      5   
   4       4   3   3   3  2  2   4        3   2            5    3      4        
       4    3   3   3   2  2           4    3         4      4     4           4
   5     3   3   3    2  2         4     4        5      5     5           5    
      3   3   3     3  2       4     5       4      5     4           4       4 
   3   3   3     4   3     4    4        5     4      5           4       4     
3   3   3    4    4    4    4       5      5     4            4       5         

car 1-13's velocity:55.35
car 1-8's velocity:71.8875
car 1-12's velocity:66.15
car 1-11's velocity:73.9125
car 1-1's velocity:61.7625
car 1-2's velocity:62.775
car 2-13's velocity:73.9125
car 2-3's velocity:60.4125
car 2-5's velocity:58.3875
car 2-7's velocity:58.3875
car 1-14's velocity:56.3625
car 2-8's velocity:60.075
average speed:63.2813
 3 00 1     5        3 1 1     3  0   2                3             1    4  1  
   001 0          3   2 1   3     1 0               4               2 1     1 1 
   00  0       4    3  2 0       1  0           5                 2  1     1 1  
   00  0   3     3   3   1      2   1      5                    2   2     1 1   
   10  11     4   3     2     3    1  4              5        2   3      2 1    
  1 0 1   2    3      2    3      2             4           2  3       2  2     
 2  10  2   3       2   3       2           5             3          3  2   2   
   1 01  2   1    3  1        2        5               3          4   3   3    2
  2  0 1    1  2    2       2     4                 4         4    3   3     2  
3    10  2 1 0    2       2   2                 4         5     4   3      3    
    1 10  1  0  2       3   2               4        4      5    3      4    3  
   2 1 1 1   10      4    3             4        4     5      3     5     3     
 2  1 1 1   2 1  1     4            4        4    3        3   3       4        
   2 1 1  2  2  2  2            5        5     4        4   3      4           2
 2  2 1 0  2  2  2   3     4        4      5        4    3     5             2  
  2  2  01  2  2  2    4        4     4         5     3   2                3   3
3  2    1 1  2  2  2        5     4        4       4    3               3   3   
 2     1 1 0  2  2     5      4        4       5     4               4   3   3  
      2 1  02  2  1       5        4      5      5               5    4   3    2
    2  1   1 1   1   3         4     4      4               5     5    3     2  
  3   2   1 1   1 0        4     4      5       20     4     5      3      3    
    3    2 1   2  1    4     4     4          2  1 1    4        3      3      4
 3     3  2  2   2 0     5     5            2   2 1 1         3      3     4    
    4   3  2   3   10     4               2   2  1 1       3      3    4      4 
4    4   2  2     1 1 0                 3   2   1 1     3      4   2      4     
 4     2  2      1 1  0              3    3    1 1   3     4     3    4     4   
     2  2       2 1   0           4    3      1 1 0    4      3   2     5    4  
   3  2       3  2    1       5     3        2 1  11       3    3  2     5      
4   3      4   3   2 1   2       4         3  1  2      4    4   3  5           
 4     5    3    2  2  2     5          3    1 0    4    4    3             5   
  3      4     3  2  2  2            3      2  10    4     3           5     5  
     5      3   3  2  2           3       3   2 03      3         4     5      4
4        4   3   2  2          3       4    3   1    4        4    3       5    
     4    3    3  2         3      5     4     1 1        4     4     4     4   
 4     3    3   2        3    3      5        2 1     5     4     4     4       
    3    3    3       4    3    3     4     3  1 0      5     5     4        5  
 3    3    4      5     4    4    4      4    1  0 0     5      4       4       
   4   3     4      5    4    4      5       1   1 10       5       4         4 
    4    4     4     5    4     4           1   1 1 1  2        5         5    4
4    4     5    3     4     5              2   1 1 1 0     5         4     4    
 4    3      4    4    3                 2    1 1 1  01          5     5    4   
   3     5    4     3          5       2     1 1 1   0 1    3     5     5    4  
3   3     5      4        4          3      1 1 1    10  1   2     5     4      
 3   3       4        5           3        2 1 1    1 1 1  2  2      5       4  
  3      5       5             3         3  1 1    1 1 1 1  2   3        5    3 
    5       5         3     3         3    1 1    1 1 1 1 2  1      5      3   3
       4           4     4         4      1 1    1 1 1 1    2  1        4   3   
   4           5     4         5         2 1    1 1 1 1   2   2     5    4      
          5      5      2 1            2  1    2 1 1 1  2   3  2     4         4
     5      5         3  1           3   1   3  2 1 1 0  1   2   2         5    
4      5           4    2         4     1 1   3  2 1  0 1  2   2      5         
  4            4      3       4        1 1 0   3  1   10 1   3   2          5   
           5       3      5           2 1  00    2   2 00 0    2       5      4 
      5         4    4      3       2  1   00  2   2   00 0  2    3       4     
 5          5    4       4        2   2    000   3     10 10   3      4         
       4     4       5          3   2      1000       2 10 12     4         4   
   5     4      4         3  2    3       2 100     3  1 10   3         4       
     4      4          4   3   3        2  1 00  1    1 1 00        4         5 
 5      5          4    3   3         3   1  00 1    2 1  10    4        4      
   5           5     3   3         3     1   100   3  2  2 10        4      4   
          4       3   3         4       2   2 100   2  2  2 0    4      5     4 
      5        3   3        4         3   2  1 00 1  2  2   10     5      4     
 5          3   3       4          4    2   2  000 1  2    2 11       5         
         3   3      5          4      3   2    1000 1    2  1    4          4   
      3   3    4           5       4    2     2 0000   3   2 0          5       
   4   3   3          5        5      3     3   10001    2   0     4            
    3   3        4        4        3     4     2 000   2     1 0               4
 3   3       4        4         4    4       2   000 1      1  1           5    
  3      4        5         4    4         3     0000      1  1       5       3 
     5       4          5    4          3        0000     1  2   2         3   3
3        4         5     5           4           1000    2 0   2        4   3   
     5        4     5            5              1 100  2   0 0      5    4   3  
5         4    4            4                  1 1 100     1 0 0     5    4     
      4    4            4                     1 1 1 10    2  1 10     5    4    
  5    4            5                        1 1 1 1 00 1   2 1 00              
   4           5                            1 1 1 1  100  2  2  10           4  
          4                                2 1 1 1  2 000  2   2 1       5     4
      5                                  2  1 1 1 3   0000   3  1   3      5    
 4                                     3   2 1 1    1 10000    1 1    4         
                                    3    3  1 1    1 1 1000   1 1 1          4  

car 2-9's velocity:62.775
car 1-7's velocity:67.5
car 1-10's velocity:63.7875
car 1-14's velocity:61.7625
car 2-4's velocity:53.325
car 1-12's velocity:62.775
car 1-11's velocity:64.125
car 2-1's velocity:61.7625
car 1-5's velocity:47.925
car 2-8's velocity:44.2125
car 1-0's velocity:64.8
car 2-2's velocity:63.7875
car 2-5's velocity:57.375
car 1-4's velocity:55.6875
average speed:59.4
                                                                                
                                                                                
                                                                                
                                                                                
                                                                                
                                                                                
                                                                                
                                                                                
                                                                                
                                                                                
                                                                                
                                                                                
                                                                                
                                                                                
                                                                                
                                                                                
                                                                                
                                                                                
                                                                                
                                                                                
                                                                                
                                                                                
                                                                                
                                                                                
                                                                                
                                                                                
                                                                                
                                                                                
                                                                                
                                                                                
                                                                                
                                                                                
                                                                                
                                                                                
                                                                                
                                                                                
                                                                                
                                                                                
                                                                                
                                                                                
                                                                                
                                                                                
                                                                                
                                                                                
                                                                                
                                                                                
                                                                                
                                                                                
                                                                                
                                                                                
                                                                                
                                                                                
                                                                                
                                                                                
                                                                                
                                                                                
                                                                                
                                                                                
                                                                                
                                                                                
                                                                                
                                                                                
                                                                                
                                                                                
                                                                                
                                                                                
                                                                                
                                                                                
                                                                                
                                                                                
                                                                                
                                                                                
                                                                                
                                                                                
                                                                                
                                                                                
                                                                                
                                                                                
                                                                                
                                                                                

average speed:-1.#IND
